Princed V3.0 alpha game resources list
(c) Copyright 2003 - Princed Development Team
http://www.princed.com.ar

*** Game resources table

Syntax:
Id    Size  Offset    File    Type Description       Comments
XXXXX YYYYY ZZZZZ SSSSSSSS.DAT TT Ddddddddddddd...  #cccccccc....

Comments are optional

Note:
 You can edit description and commets here in the file and
 they will be saved in the dat files.
 
Resource Types:
 01 Levels
 02 Bitmaps
 03 Waves
 04 Midis
 05 Undefined
 06 Palette
 07 to 10 reserved

BEGIN resources table

00200 00100 00006 VDUNGEON.DAT 00
00201 00002 00107 VDUNGEON.DAT 00
00202 00002 00110 VDUNGEON.DAT 00
00203 00002 00113 VDUNGEON.DAT 00
00204 00002 00116 VDUNGEON.DAT 00
00205 00002 00119 VDUNGEON.DAT 00
00206 00002 00122 VDUNGEON.DAT 00
00207 00002 00125 VDUNGEON.DAT 00
00208 00002 00128 VDUNGEON.DAT 00
00209 00002 00131 VDUNGEON.DAT 00
00210 00002 00134 VDUNGEON.DAT 00
00211 00002 00137 VDUNGEON.DAT 00
00212 00002 00140 VDUNGEON.DAT 00
00213 00002 00143 VDUNGEON.DAT 00
00214 00002 00146 VDUNGEON.DAT 00
00215 00002 00149 VDUNGEON.DAT 00
00216 00002 00152 VDUNGEON.DAT 00
00217 00002 00155 VDUNGEON.DAT 00
00218 00002 00158 VDUNGEON.DAT 00
00219 00002 00161 VDUNGEON.DAT 00
00220 00002 00164 VDUNGEON.DAT 00
00221 00002 00167 VDUNGEON.DAT 00
00222 00002 00170 VDUNGEON.DAT 00
00223 00002 00173 VDUNGEON.DAT 00
00224 00002 00176 VDUNGEON.DAT 00
00225 00002 00179 VDUNGEON.DAT 00
00226 00002 00182 VDUNGEON.DAT 00
00227 00002 00185 VDUNGEON.DAT 00
00228 00002 00188 VDUNGEON.DAT 00
00229 00002 00191 VDUNGEON.DAT 00
00230 00002 00194 VDUNGEON.DAT 00
00231 00002 00197 VDUNGEON.DAT 00
00232 00039 00200 VDUNGEON.DAT 00
00233 00088 00240 VDUNGEON.DAT 00
00234 00082 00329 VDUNGEON.DAT 00
00235 00082 00412 VDUNGEON.DAT 00
00236 00015 00495 VDUNGEON.DAT 00
00237 00086 00511 VDUNGEON.DAT 00
00238 00065 00598 VDUNGEON.DAT 00
00239 00102 00664 VDUNGEON.DAT 00
00240 00059 00767 VDUNGEON.DAT 00
00241 00101 00827 VDUNGEON.DAT 00
00242 00112 00929 VDUNGEON.DAT 00
00243 00018 01042 VDUNGEON.DAT 00
00244 00129 01061 VDUNGEON.DAT 00
00245 00098 01191 VDUNGEON.DAT 00
00246 00100 01290 VDUNGEON.DAT 00
00247 00125 01391 VDUNGEON.DAT 00
00248 00022 01517 VDUNGEON.DAT 00
00249 00018 01540 VDUNGEON.DAT 00
00250 00051 01559 VDUNGEON.DAT 00
00251 00041 01611 VDUNGEON.DAT 00
00252 00073 01653 VDUNGEON.DAT 00
00253 00066 01727 VDUNGEON.DAT 00
00254 00060 01794 VDUNGEON.DAT 00
00255 00051 01855 VDUNGEON.DAT 00
00256 00047 01907 VDUNGEON.DAT 00
00257 00035 01955 VDUNGEON.DAT 00
00258 00030 01991 VDUNGEON.DAT 00
00259 00018 02022 VDUNGEON.DAT 00
00260 00061 02041 VDUNGEON.DAT 00
00261 00056 02103 VDUNGEON.DAT 00
00262 00037 02160 VDUNGEON.DAT 00
00263 00043 02198 VDUNGEON.DAT 00
00264 00049 02242 VDUNGEON.DAT 00
00265 00047 02292 VDUNGEON.DAT 00
00266 00054 02340 VDUNGEON.DAT 00
00267 00060 02395 VDUNGEON.DAT 00
00268 00024 02456 VDUNGEON.DAT 00
00269 00107 02481 VDUNGEON.DAT 00
00270 00087 02589 VDUNGEON.DAT 00
00271 00116 02677 VDUNGEON.DAT 00
00272 00116 02794 VDUNGEON.DAT 00
00273 00026 02911 VDUNGEON.DAT 00
00274 00024 02938 VDUNGEON.DAT 00
00275 00002 02963 VDUNGEON.DAT 00
00276 00002 02966 VDUNGEON.DAT 00
00277 00002 02969 VDUNGEON.DAT 00
00278 00002 02972 VDUNGEON.DAT 00
00279 00002 02975 VDUNGEON.DAT 00
00280 00002 02978 VDUNGEON.DAT 00
00281 00002 02981 VDUNGEON.DAT 00
00282 00002 02984 VDUNGEON.DAT 00
00283 00002 02987 VDUNGEON.DAT 00
00284 00002 02990 VDUNGEON.DAT 00
00285 00016 02993 VDUNGEON.DAT 00
00286 00002 03010 VDUNGEON.DAT 00
00287 00002 03013 VDUNGEON.DAT 00
00288 00002 03016 VDUNGEON.DAT 00
00289 00002 03019 VDUNGEON.DAT 00
00290 00002 03022 VDUNGEON.DAT 00
00291 00002 03025 VDUNGEON.DAT 00
00292 00239 03028 VDUNGEON.DAT 00
00293 00386 03268 VDUNGEON.DAT 00
00294 00030 03655 VDUNGEON.DAT 00
00295 00180 03686 VDUNGEON.DAT 00
00296 00016 03867 VDUNGEON.DAT 00
00297 00169 03884 VDUNGEON.DAT 00
00298 00152 04054 VDUNGEON.DAT 00
00299 00020 04207 VDUNGEON.DAT 00
00300 00123 04228 VDUNGEON.DAT 00
00301 00002 04352 VDUNGEON.DAT 00
00302 00002 04355 VDUNGEON.DAT 00
00303 00002 04358 VDUNGEON.DAT 00
00304 00002 04361 VDUNGEON.DAT 00
00305 00002 04364 VDUNGEON.DAT 00
00306 00002 04367 VDUNGEON.DAT 00
00307 00002 04370 VDUNGEON.DAT 00
00308 00002 04373 VDUNGEON.DAT 00
00309 00002 04376 VDUNGEON.DAT 00
00310 00002 04379 VDUNGEON.DAT 00
00311 00002 04382 VDUNGEON.DAT 00
00312 00002 04385 VDUNGEON.DAT 00
00313 00002 04388 VDUNGEON.DAT 00
00314 00002 04391 VDUNGEON.DAT 00
00315 00002 04394 VDUNGEON.DAT 00
00316 00002 04397 VDUNGEON.DAT 00
00317 00002 04400 VDUNGEON.DAT 00
00318 00002 04403 VDUNGEON.DAT 00
00319 00002 04406 VDUNGEON.DAT 00
00320 00002 04409 VDUNGEON.DAT 00
00321 00002 04412 VDUNGEON.DAT 00
00322 00002 04415 VDUNGEON.DAT 00
00323 00002 04418 VDUNGEON.DAT 00
00324 00104 04421 VDUNGEON.DAT 00
00325 00116 04526 VDUNGEON.DAT 00
00326 00516 04643 VDUNGEON.DAT 00
00327 00002 05160 VDUNGEON.DAT 00
00328 00002 05163 VDUNGEON.DAT 00
00329 00002 05166 VDUNGEON.DAT 00
00330 00002 05169 VDUNGEON.DAT 00
00331 00002 05172 VDUNGEON.DAT 00
00332 00002 05175 VDUNGEON.DAT 00
00333 00002 05178 VDUNGEON.DAT 00
00334 00002 05181 VDUNGEON.DAT 00
00335 00002 05184 VDUNGEON.DAT 00
00336 00002 05187 VDUNGEON.DAT 00
00337 00002 05190 VDUNGEON.DAT 00
00338 00002 05193 VDUNGEON.DAT 00
00339 00002 05196 VDUNGEON.DAT 00
00340 00002 05199 VDUNGEON.DAT 00
00341 00002 05202 VDUNGEON.DAT 00
00342 00002 05205 VDUNGEON.DAT 00
00343 00002 05208 VDUNGEON.DAT 00
00344 00085 05211 VDUNGEON.DAT 00
00345 00002 05297 VDUNGEON.DAT 00
00346 00038 05300 VDUNGEON.DAT 00
00347 00105 05339 VDUNGEON.DAT 00
00348 00105 05445 VDUNGEON.DAT 00
00349 00016 05551 VDUNGEON.DAT 00
00350 00048 05568 VDUNGEON.DAT 00
00351 00046 05617 VDUNGEON.DAT 00
00360 00100 05664 VDUNGEON.DAT 00
00361 00204 05765 VDUNGEON.DAT 00
00362 00066 05970 VDUNGEON.DAT 00
00363 00010 06037 VDUNGEON.DAT 00
00364 00251 06048 VDUNGEON.DAT 00
00365 00016 06300 VDUNGEON.DAT 00
00366 00348 06317 VDUNGEON.DAT 00
00367 00022 06666 VDUNGEON.DAT 00
00368 00344 06689 VDUNGEON.DAT 00
00369 00026 07034 VDUNGEON.DAT 00
00370 00328 07061 VDUNGEON.DAT 00
00371 00047 07390 VDUNGEON.DAT 00
00372 00040 07438 VDUNGEON.DAT 00
00373 00108 07479 VDUNGEON.DAT 00
00374 00040 07588 VDUNGEON.DAT 00
00375 00040 07629 VDUNGEON.DAT 00
00376 00041 07670 VDUNGEON.DAT 00
00377 00041 07712 VDUNGEON.DAT 00
01230 00154 07754 VDUNGEON.DAT 00
01231 00132 07909 VDUNGEON.DAT 00
01286 00217 08042 VDUNGEON.DAT 00
01287 00262 08260 VDUNGEON.DAT 00
01288 00183 08523 VDUNGEON.DAT 00
01289 00113 08707 VDUNGEON.DAT 00
01290 00039 08821 VDUNGEON.DAT 00
01291 00147 08861 VDUNGEON.DAT 00
01301 00436 09009 VDUNGEON.DAT 00
01302 00421 09446 VDUNGEON.DAT 00
01303 00202 09868 VDUNGEON.DAT 00
01304 00154 10071 VDUNGEON.DAT 00
01305 00130 10226 VDUNGEON.DAT 00
01306 00131 10357 VDUNGEON.DAT 00
01307 00134 10489 VDUNGEON.DAT 00
01308 00129 10624 VDUNGEON.DAT 00
01309 00091 10754 VDUNGEON.DAT 00
01310 00071 10846 VDUNGEON.DAT 00
01311 00163 10918 VDUNGEON.DAT 00
01312 00091 11082 VDUNGEON.DAT 00
01313 00068 11174 VDUNGEON.DAT 00
01314 00034 11243 VDUNGEON.DAT 00
01315 00031 11278 VDUNGEON.DAT 00
01316 00024 11310 VDUNGEON.DAT 00
01317 00015 11335 VDUNGEON.DAT 00
01318 00011 11351 VDUNGEON.DAT 00
01319 00018 11363 VDUNGEON.DAT 00
01320 00022 11382 VDUNGEON.DAT 00
01321 00022 11405 VDUNGEON.DAT 00
01322 00013 11428 VDUNGEON.DAT 00
01323 00010 11442 VDUNGEON.DAT 00
01327 00107 11453 VDUNGEON.DAT 00
01328 00019 11561 VDUNGEON.DAT 00
01329 00054 11581 VDUNGEON.DAT 00
01330 00081 11636 VDUNGEON.DAT 00
01331 00079 11718 VDUNGEON.DAT 00
01332 00068 11798 VDUNGEON.DAT 00
01333 00120 11867 VDUNGEON.DAT 00
01334 00014 11988 VDUNGEON.DAT 00
01335 00038 12003 VDUNGEON.DAT 00
01336 00047 12042 VDUNGEON.DAT 00
01337 00047 12090 VDUNGEON.DAT 00
01338 00047 12138 VDUNGEON.DAT 00
01339 00016 12186 VDUNGEON.DAT 00
01340 00046 12203 VDUNGEON.DAT 00
01341 00073 12250 VDUNGEON.DAT 00
01342 00070 12324 VDUNGEON.DAT 00
01343 00057 12395 VDUNGEON.DAT 00

END resources table

BEGIN palette table
END palette table

BEGIN block table
END block table


You can write notes here
